
408028946
408028946
408028946
408028946
408028946
408028946
408028946
408028946
408028946
408028946
408028946
408028946
408028946
408028946
408028946
408028946
408028946
408028946
408028946
408028946
408028946
408028946
408028946
408028946
408028946
408028946
408028946
408028946
408028946
408028946
408028946
408028946
408028946
408028946
408028946
408028946
408028946
408028946
408028946
408028946
408028946
408028946
408028946
408028946
408028946
408028946
408028946
408028946
408028946
408028946
408028946
408028946
408028946